2.75485777768
2.02838497556
1.88853377311
1.61588629158
3.10383041926
3.32649705671
1.49976440453
1.42844542628
2.87722551199
2.00887609095
2.70675539244
2.86076354527
2.05505315383
3.17144478299
3.11753966115
1.72707770129
2.8273025162
2.25196498898
2.28682431837
2.74877502427
0.300781187151
3.48509131665
1.23417587279
1.18328429469
0.974789203737
2.67416940914
4.33579269241
2.90842519617
2.10229002548
2.02201680884
4.64079558894
1.62350847866
3.39780644201
1.52830380063
2.85962388118
1.97184954342
3.94872981433
2.34094142743
2.57471329565
2.69485000776
3.04922386395
1.41183173353
2.87422666652
1.57741008777
1.54148513721
2.23083142463
2.53391145434
1.79328956842
1.60453621007
3.07109377148
0.451281948895
1.8921082383
1.6459091794
2.1438816742
1.04236427559
1.12763463661
3.15553630802
2.08542811581
2.42825763515
2.07494112594
2.29386906919
2.42298366359
2.15346392058
1.47743800216
3.44698963192
2.89526401198
2.83421714827
2.43349791708
1.93152374945
2.57552456485
0.466687937921
3.17754267959
3.45617741489
4.02561491138
2.96272603885
1.46012884143
3.46091360391
4.03117391745
1.35911972118
0.765405512711
1.43465594847
2.31370642171
2.25000362245
0.509789286445
2.23789831579
1.5766136294
2.81158216082
3.45784324046
2.07995556784
2.58040897935
2.19577574358
0.242188306863
2.32519096945
2.81388465081
1.86902995887
2.50713994569
3.39806317374
2.35627121339
0.973060092225
1.94583589196
2.04261303258
3.43798515028
1.71239245841
2.89855400444
2.27133567217
2.77459091925
2.11638480461
3.03246592156
