2.57543724454
2.6345482246
3.17226284057
2.26782075214
2.19162213111
1.1933657996
1.06574271588
2.11946002381
1.6562327462
3.63858003755
2.0536721359
3.51489889092
2.30591303069
2.72927401432
3.34461623973
3.00289454621
2.81708806184
1.13069464004
2.47484924607
1.37601851539
4.55658156277
3.27089306623
2.03469489485
0.470404686274
2.63694089221
3.14037192965
3.37381877382
1.89722280211
1.44673810087
2.49687575059
1.55622217985
3.2580726343
2.04713295644
1.28274184651
3.53420929336
2.74059319093
1.74988388635
3.03180733998
2.03829718194
2.33663008242
3.18086958514
2.5479654172
2.31960160267
1.88385348606
2.18103843357
2.33538431573
3.02727271845
2.37597276501
5.04649835806
0.299078771802
4.41265255488
1.57708216241
1.23586900474
3.03297771282
1.86309257336
2.3846365487
3.68390257326
1.97533450746
1.92727583526
3.29014555805
1.77650225644
2.3342339
2.68832320905
2.06929909461
2.31848522544
2.2079338682
1.43348998279
2.9739709171
1.18466352588
2.96217275154
2.71892375803
1.51724869828
2.06197163139
0.0428629163987
3.90988495674
2.80220422809
1.92879543653
1.78610420169
2.54565756784
3.99166473993
0.173713060315
2.23963218289
2.42262501987
1.80077887666
1.84200851941
1.81172367101
1.05889925336
1.93681375936
3.3241725244
2.0730872167
0.0818434528234
2.18214553026
3.44488923551
1.76104521773
6.10735240767
2.41423175949
3.02147128326
1.19841749427
2.0402135152
2.37678963405
2.62868420047
0.0422013903556
1.17801737366
1.09578574281
2.15101870334
1.75381432681
2.35331469484
4.58640564556
1.58747284688
3.91831979088
2.12174785883
2.40291504761
2.82405100245
2.0207954779
2.6531076881
2.14672405854
2.59867347905
2.72634015104
4.05224873746
1.11995703491
2.32486395878
1.92752642577
2.64950506606
3.18079575795
1.86979800687
2.59064628645
0.723705431151
1.78166943779
1.92422768301
2.43422785587
2.03572692691
2.35078695483
6.31421109269
3.39000473118
5.58135974345
2.32826383032
